0
0
0
0
0
0
0
0
0
0
0
0
0
0
0
0
0
0
0
0
0
0
0
0
0
0
0
0
0
0
0
0
0
0
0
0
0
0
0
0
0
0
0
0
0
0
0
0
0
0
0
0
0
0
0
0
0
0
0
0
0
0
0
0
0
0
0
0
0
0
0
0
0
0
0
0
0
0
0
0
0
0
0
2
2
2
2
2
2
2
0
0
2
2
0
0
0
2
2
2
2
2
2
2
2
2
9
2
2
2
0
0
2
2
2
2
2
2
2
2
2
2
9
2
2
2
2
a
a
a
a
2
a
a
a
a
a
a
9
2
2
2
2
3
3
3
3
2
3
3
3
3
3
3
9
a
a
2
a
a
0
a
3
2
3
3
3
3
3
3
9
2
2
2
0
0
0
0
0
2
a
a
a
a
a
a
0
0
2
2
0
0
0
0
0
0
0
0
0
0
0
0
0
0
0
0
0
0
0
0
0
0
0
0
0
0
0
0
0
0
0
0
0
0
0
0
0
0
0
0
0
0
0
0
0
0
0
0
0
0
0
0
0
0
0
0
0
0
0
0
0
0
0
0
0
0
