0
0
0
0
0
0
0
0
0
0
0
0
0
0
0
0
0
0
0
0
2
2
2
2
2
2
2
2
2
2
2
0
0
0
0
2
2
2
2
2
2
2
2
2
2
2
0
0
0
4
0
2
1
7
1
1
6
6
6
7
2
0
0
0
0
5
0
1
6
7
3
3
3
3
6
7
6
0
0
0
0
0
5
1
3
7
3
3
3
3
3
7
6
5
0
0
0
0
5
1
3
3
3
3
3
3
3
3
3
5
0
0
0
0
0
1
3
3
3
3
3
3
3
3
1
0
0
0
0
0
0
0
1
1
1
1
6
1
1
1
0
0
0
0
0
0
0
0
0
0
0
3
1
6
c
6
0
0
0
0
0
0
0
0
0
0
3
1
1
1
6
6
0
0
0
0
0
0
0
0
0
0
3
1
1
1
0
0
0
0
0
0
0
0
0
0
0
0
3
3
2
2
0
0
0
0
0
0
0
0
0
0
0
0
0
2
2
2
0
0
0
0
0
0
0
0
0
0
0
0
2
2
2
0
0
0
0
0
0
0
0
0
0
0
0
0
1
1
1
1
1
0
0
0
0
0
