0
0
0
0
0
0
0
0
0
0
0
0
0
0
0
0
0
0
0
0
0
0
0
0
0
0
0
0
0
0
0
0
0
0
0
0
0
0
0
0
0
0
0
0
0
0
0
0
0
0
0
0
0
0
0
0
0
0
0
0
0
0
0
0
0
0
0
0
0
0
0
0
0
0
0
0
0
0
0
0
0
0
2
2
0
0
2
2
2
2
2
2
2
0
0
0
0
0
2
2
2
9
2
2
2
2
2
2
2
2
2
0
a
2
2
2
2
9
2
2
2
2
2
2
2
2
2
2
3
2
2
2
2
9
a
a
a
a
a
a
2
a
a
a
a
a
2
a
a
9
3
3
3
3
3
3
2
3
3
3
0
0
2
2
2
9
3
3
3
3
3
3
2
3
a
0
0
0
2
2
0
0
a
a
a
a
a
a
2
0
0
0
0
0
0
0
0
0
0
0
0
0
0
0
0
0
0
0
0
0
0
0
0
0
0
0
0
0
0
0
0
0
0
0
0
0
0
0
0
0
0
0
0
0
0
0
0
0
0
0
0
0
0
0
0
0
0
0
0
0
0
0
0
0
0
0
